7 0.6671875 0.593518518518519 0.1125 0.222222222222222
2 0.666666666666667 0.371759259259259 0.046875 0.0675925925925926
2 0.3859375 0.398148148148148 0.053125 0.0814814814814815
2 0.478125 0.33287037037037 0.0302083333333333 0.0472222222222222
2 0.767708333333333 0.56712962962963 0.0895833333333333 0.113888888888889
2 0.59453125 0.386574074074074 0.0411458333333333 0.0657407407407407
2 0.625520833333333 0.309259259259259 0.0270833333333333 0.0407407407407407
7 0.372916666666667 0.746759259259259 0.127083333333333 0.478703703703704
2 0.1015625 0.856481481481481 0.197916666666667 0.287037037037037
2 0.456770833333333 0.29212962962963 0.021875 0.037962962962963
7 0.311979166666667 0.753240740740741 0.25 0.471296296296296
2 0.19375 0.953703703703704 0.160416666666667 0.087037037037037
