7 0.723958333333333 0.756018518518519 0.171875 0.334259259259259
2 0.24140625 0.635648148148148 0.122395833333333 0.162037037037037
2 0.690364583333333 0.408333333333333 0.0557291666666667 0.0777777777777778
2 0.607552083333333 0.422685185185185 0.0463541666666667 0.0768518518518519
2 0.4078125 0.364351851851852 0.0416666666666667 0.0657407407407407
2 0.84921875 0.709722222222222 0.1453125 0.169444444444444
2 0.636458333333333 0.324537037037037 0.0333333333333333 0.0472222222222222
2 0.483072916666667 0.315740740740741 0.0276041666666667 0.0444444444444444
7 0.304427083333333 0.724537037037037 0.303645833333333 0.525
2 0.46484375 0.279166666666667 0.0203125 0.0324074074074074
7 0.382291666666667 0.722222222222222 0.152083333333333 0.531481481481481
