2 0.709114583333333 0.438888888888889 0.0651041666666667 0.087037037037037
2 0.615885416666667 0.453240740740741 0.0557291666666667 0.0861111111111111
2 0.291927083333333 0.553240740740741 0.0984375 0.126851851851852
2 0.64375 0.337037037037037 0.0354166666666667 0.05
2 0.485416666666667 0.305555555555556 0.0270833333333333 0.0407407407407407
2 0.41875 0.348148148148148 0.0385416666666667 0.0611111111111111
7 0.259635416666667 0.696759259259259 0.4171875 0.591666666666667
2 0.796875 0.851851851851852 0.26875 0.285185185185185
2 0.467447916666667 0.272685185185185 0.0192708333333333 0.0305555555555556
7 0.369010416666667 0.69212962962963 0.1953125 0.600925925925926
2 0.918489583333333 0.85787037037037 0.161979166666667 0.223148148148148
