2 0.69921875 0.421296296296296 0.0609375 0.0796296296296296
2 0.267708333333333 0.589814814814815 0.10625 0.140740740740741
2 0.639583333333333 0.330555555555556 0.034375 0.0481481481481481
2 0.4125 0.355092592592593 0.0395833333333333 0.0638888888888889
2 0.61171875 0.437037037037037 0.0505208333333333 0.0814814814814815
2 0.884635416666667 0.77962962962963 0.181770833333333 0.201851851851852
7 0.753385416666667 0.818055555555556 0.208854166666667 0.358333333333333
2 0.48515625 0.308796296296296 0.0276041666666667 0.0435185185185185
7 0.3109375 0.70462962962963 0.303125 0.574074074074074
7 0.38671875 0.708333333333333 0.1515625 0.572222222222222
2 0.466145833333333 0.275462962962963 0.0197916666666667 0.0324074074074074
