7 0.681510416666667 0.639814814814815 0.1296875 0.251851851851852
2 0.16640625 0.755092592592593 0.1609375 0.225
2 0.6734375 0.385648148148148 0.0510416666666667 0.0694444444444444
2 0.394791666666667 0.386111111111111 0.0479166666666667 0.0740740740740741
2 0.79453125 0.610185185185185 0.0994791666666667 0.131481481481481
2 0.600520833333333 0.399537037037037 0.0447916666666667 0.0675925925925926
2 0.480208333333333 0.326851851851852 0.028125 0.0462962962962963
2 0.629166666666667 0.314351851851852 0.0291666666666667 0.0435185185185185
7 0.315364583333333 0.738425925925926 0.2578125 0.510185185185185
2 0.460677083333333 0.2875 0.0223958333333333 0.037962962962963
