2 0.205729166666667 0.687037037037037 0.136458333333333 0.188888888888889
7 0.7 0.691203703703704 0.147916666666667 0.287962962962963
2 0.68203125 0.396296296296296 0.0526041666666667 0.0722222222222222
2 0.818489583333333 0.65462962962963 0.122395833333333 0.148148148148148
2 0.603125 0.411574074074074 0.0447916666666667 0.0731481481481481
2 0.4015625 0.376388888888889 0.0447916666666667 0.0694444444444444
2 0.48125 0.32037037037037 0.0270833333333333 0.0444444444444444
2 0.632291666666667 0.318518518518519 0.03125 0.0462962962962963
7 0.354427083333333 0.740277777777778 0.194270833333333 0.506481481481482
2 0.463802083333333 0.283333333333333 0.0223958333333333 0.0351851851851852
